time	V(Vout1,Vout2)	V(vin1)	V(vin2)	V(vout1)	V(vout2)
0.000000000000000e+000	0.000000e+000	0.000000e+000	1.224647e-016	1.014333e+001	1.014333e+001
2.285714279943413e-006	-1.557617e-001	1.436158e-003	-7.180789e-004	1.006539e+001	1.022115e+001
4.571428559886826e-006	-3.086897e-001	2.872313e-003	-1.436157e-003	9.988853e+000	1.029754e+001
6.857142839830239e-006	-4.587838e-001	4.308466e-003	-2.154233e-003	9.913724e+000	1.037251e+001
9.142857119773651e-006	-6.060442e-001	5.744617e-003	-2.872308e-003	9.840004e+000	1.044605e+001
1.142857139971706e-005	-7.504708e-001	7.180765e-003	-3.590382e-003	9.767692e+000	1.051816e+001
1.371428567966048e-005	-8.920637e-001	8.616911e-003	-4.308455e-003	9.696788e+000	1.058885e+001
1.599999995960388e-005	-1.030823e+000	1.005305e-002	-5.026527e-003	9.627293e+000	1.065812e+001
3.199999991920777e-005	-1.836741e+000	2.010585e-002	-1.005293e-002	9.223336e+000	1.106008e+001
6.399999983841553e-005	-2.792182e+000	4.020968e-002	-2.010484e-002	8.742990e+000	1.153517e+001
1.279999996768311e-004	-3.499850e+000	8.040310e-002	-4.020155e-002	8.382994e+000	1.188284e+001
2.256562496768311e-004	-3.735565e+000	1.416653e-001	-7.083264e-002	8.255190e+000	1.199076e+001
3.233124996768311e-004	-3.773636e+000	2.027941e-001	-1.013971e-001	8.226095e+000	1.199973e+001
4.209687496768311e-004	-3.794233e+000	2.637321e-001	-1.318661e-001	8.205759e+000	1.199999e+001
6.162812496768311e-004	-3.834109e+000	3.848063e-001	-1.924032e-001	8.165891e+000	1.200000e+001
9.092499996768310e-004	-3.892961e+000	5.635610e-001	-2.817805e-001	8.107039e+000	1.200000e+001
1.104562499676831e-003	-3.931354e+000	6.801724e-001	-3.400862e-001	8.068646e+000	1.200000e+001
1.202218749676831e-003	-3.950243e+000	7.375451e-001	-3.687726e-001	8.049757e+000	1.200000e+001
1.299874999676831e-003	-3.968904e+000	7.942237e-001	-3.971119e-001	8.031096e+000	1.200000e+001
1.397531249676831e-003	-3.987319e+000	8.501548e-001	-4.250774e-001	8.012681e+000	1.200000e+001
1.495187499676831e-003	-4.005471e+000	9.052858e-001	-4.526429e-001	7.994529e+000	1.200000e+001
1.690499999676832e-003	-4.040917e+000	1.012941e+000	-5.064703e-001	7.959083e+000	1.200000e+001
1.885812499676832e-003	-4.075109e+000	1.116783e+000	-5.583914e-001	7.924891e+000	1.200000e+001
2.081124999676832e-003	-4.107917e+000	1.216422e+000	-6.082109e-001	7.892083e+000	1.200000e+001
2.374093749676832e-003	-4.154266e+000	1.357183e+000	-6.785917e-001	7.845734e+000	1.200000e+001
2.667062499676833e-003	-4.196833e+000	1.486456e+000	-7.432280e-001	7.803167e+000	1.200000e+001
2.960031249676833e-003	-4.235258e+000	1.603146e+000	-8.015729e-001	7.764742e+000	1.200000e+001
3.252999999676833e-003	-4.269214e+000	1.706264e+000	-8.531322e-001	7.730786e+000	1.200000e+001
3.545968749676833e-003	-4.298415e+000	1.794939e+000	-8.974697e-001	7.701585e+000	1.200000e+001
3.838937499676834e-003	-4.322612e+000	1.868420e+000	-9.342099e-001	7.677388e+000	1.200000e+001
4.131906249676833e-003	-4.341601e+000	1.926084e+000	-9.630419e-001	7.658399e+000	1.200000e+001
4.424874999676831e-003	-4.355221e+000	1.967443e+000	-9.837216e-001	7.644779e+000	1.200000e+001
4.717843749676830e-003	-4.363357e+000	1.992148e+000	-9.960738e-001	7.636643e+000	1.200000e+001
5.010812499676829e-003	-4.365939e+000	1.999988e+000	-9.999942e-001	7.634061e+000	1.200000e+001
5.303781249676828e-003	-4.362946e+000	1.990899e+000	-9.954495e-001	7.637054e+000	1.200000e+001
5.596749999676827e-003	-4.354402e+000	1.964956e+000	-9.824781e-001	7.645598e+000	1.200000e+001
5.889718749676826e-003	-4.340382e+000	1.922380e+000	-9.611898e-001	7.659618e+000	1.200000e+001
6.182687499676825e-003	-4.321002e+000	1.863530e+000	-9.317649e-001	7.678998e+000	1.200000e+001
6.475656249676824e-003	-4.296428e+000	1.788905e+000	-8.944525e-001	7.703572e+000	1.200000e+001
6.768624999676823e-003	-4.266867e+000	1.699137e+000	-8.495683e-001	7.733133e+000	1.200000e+001
7.061593749676822e-003	-4.232571e+000	1.594985e+000	-7.974924e-001	7.767429e+000	1.200000e+001
7.354562499676821e-003	-4.193829e+000	1.477331e+000	-7.386657e-001	7.806171e+000	1.200000e+001
7.647531249676820e-003	-4.150970e+000	1.347172e+000	-6.735860e-001	7.849030e+000	1.200000e+001
7.940499999676819e-003	-4.104356e+000	1.205608e+000	-6.028042e-001	7.895644e+000	1.200000e+001
8.135812499676818e-003	-4.071389e+000	1.105485e+000	-5.527427e-001	7.928611e+000	1.200000e+001
8.331124999676818e-003	-4.037052e+000	1.001201e+000	-5.006007e-001	7.962948e+000	1.200000e+001
8.526437499676817e-003	-4.001475e+000	8.931492e-001	-4.465746e-001	7.998525e+000	1.200000e+001
8.624093749676817e-003	-3.983264e+000	8.378366e-001	-4.189183e-001	8.016736e+000	1.200000e+001
8.721749999676816e-003	-3.964792e+000	7.817354e-001	-3.908677e-001	8.035208e+000	1.200000e+001
8.819406249676816e-003	-3.946079e+000	7.248985e-001	-3.624492e-001	8.053921e+000	1.200000e+001
8.917062499676816e-003	-3.927141e+000	6.673793e-001	-3.336896e-001	8.072859e+000	1.200000e+001
9.112374999676815e-003	-3.888664e+000	5.505113e-001	-2.752557e-001	8.111336e+000	1.200000e+001
9.502999999676813e-003	-3.809813e+000	3.110071e-001	-1.555035e-001	8.190187e+000	1.200000e+001
9.600656249676813e-003	-3.789780e+000	2.502574e-001	-1.251287e-001	8.210203e+000	1.199998e+001
9.698312499676813e-003	-3.768559e+000	1.892722e-001	-9.463609e-002	8.230851e+000	1.199941e+001
9.795968749676812e-003	-3.709486e+000	1.281088e-001	-6.405442e-002	8.270433e+000	1.197992e+001
9.893624999676812e-003	-2.871541e+000	6.682494e-002	-3.341247e-002	8.698896e+000	1.157044e+001
9.991281249676812e-003	-3.278103e-001	5.478146e-003	-2.739073e-003	9.976826e+000	1.030464e+001
1.008893749967681e-002	2.501740e+000	-5.587381e-002	2.793690e-002	1.139158e+001	8.889842e+000
1.018659374967681e-002	3.652533e+000	-1.171732e-001	5.858659e-002	1.196288e+001	8.310345e+000
1.028424999967681e-002	3.734581e+000	-1.783623e-001	8.918113e-002	1.199890e+001	8.264317e+000
1.038190624967681e-002	3.746765e+000	-2.393835e-001	1.196917e-001	1.199997e+001	8.253202e+000
1.047956249967681e-002	3.756835e+000	-3.001794e-001	1.500897e-001	1.200000e+001	8.243164e+000
1.066092410681967e-002	3.775434e+000	-4.131676e-001	2.065838e-001	1.200000e+001	8.224565e+000
1.084228571396252e-002	3.793669e+000	-5.239375e-001	2.619688e-001	1.200000e+001	8.206331e+000
1.102364732110538e-002	3.811538e+000	-6.324891e-001	3.162445e-001	1.200000e+001	8.188462e+000
1.120500892824824e-002	3.829042e+000	-7.388222e-001	3.694111e-001	1.200000e+001	8.170958e+000
1.138637053539109e-002	3.846180e+000	-8.429370e-001	4.214685e-001	1.200000e+001	8.153820e+000
1.156773214253395e-002	3.862954e+000	-9.448335e-001	4.724167e-001	1.200000e+001	8.137046e+000
1.174909374967681e-002	3.879362e+000	-1.044512e+000	5.222558e-001	1.200000e+001	8.120638e+000
1.194440624967681e-002	3.896255e+000	-1.147133e+000	5.735666e-001	1.200000e+001	8.103745e+000
1.213971874967680e-002	3.912437e+000	-1.245437e+000	6.227186e-001	1.200000e+001	8.087563e+000
1.233503124967680e-002	3.927849e+000	-1.339054e+000	6.695269e-001	1.200000e+001	8.072151e+000
1.243268749967680e-002	3.935246e+000	-1.383993e+000	6.919967e-001	1.200000e+001	8.064754e+000
1.253034374967680e-002	3.942430e+000	-1.427630e+000	7.138152e-001	1.200000e+001	8.057570e+000
1.262799999967680e-002	3.949392e+000	-1.469924e+000	7.349619e-001	1.200000e+001	8.050608e+000
1.272565624967680e-002	3.956127e+000	-1.510834e+000	7.554169e-001	1.200000e+001	8.043873e+000
1.282331249967680e-002	3.962627e+000	-1.550322e+000	7.751609e-001	1.200000e+001	8.037373e+000
1.292096874967680e-002	3.968887e+000	-1.588351e+000	7.941754e-001	1.200000e+001	8.031113e+000
1.301862499967680e-002	3.974902e+000	-1.624885e+000	8.124424e-001	1.200000e+001	8.025098e+000
1.311628124967680e-002	3.980665e+000	-1.659889e+000	8.299447e-001	1.200000e+001	8.019335e+000
1.321393749967680e-002	3.986171e+000	-1.693332e+000	8.466660e-001	1.200000e+001	8.013829e+000
1.331159374967680e-002	3.991414e+000	-1.725181e+000	8.625904e-001	1.200000e+001	8.008586e+000
1.340924999967680e-002	3.996389e+000	-1.755406e+000	8.777030e-001	1.200000e+001	8.003611e+000
1.350690624967680e-002	4.001093e+000	-1.783979e+000	8.919894e-001	1.200000e+001	7.998907e+000
1.360456249967680e-002	4.005521e+000	-1.810873e+000	9.054364e-001	1.200000e+001	7.994479e+000
1.370221874967680e-002	4.009668e+000	-1.836062e+000	9.180312e-001	1.200000e+001	7.990332e+000
1.379987499967680e-002	4.013530e+000	-1.859524e+000	9.297620e-001	1.200000e+001	7.986470e+000
1.389753124967680e-002	4.017104e+000	-1.881235e+000	9.406177e-001	1.200000e+001	7.982896e+000
1.409284374967680e-002	4.023376e+000	-1.919328e+000	9.596640e-001	1.200000e+001	7.976624e+000
1.428815624967680e-002	4.028458e+000	-1.950197e+000	9.750983e-001	1.200000e+001	7.971542e+000
1.448346874967680e-002	4.032331e+000	-1.973725e+000	9.868626e-001	1.200000e+001	7.967669e+000
1.467878124967680e-002	4.034981e+000	-1.989825e+000	9.949125e-001	1.200000e+001	7.965019e+000
1.487409374967679e-002	4.036399e+000	-1.998436e+000	9.992178e-001	1.200000e+001	7.963601e+000
1.506940624967679e-002	4.036578e+000	-1.999525e+000	9.997623e-001	1.200000e+001	7.963422e+000
1.526471874967679e-002	4.035519e+000	-1.993088e+000	9.965439e-001	1.200000e+001	7.964481e+000
1.546003124967679e-002	4.033224e+000	-1.979149e+000	9.895747e-001	1.200000e+001	7.966776e+000
1.565534374967679e-002	4.029703e+000	-1.957762e+000	9.788810e-001	1.200000e+001	7.970297e+000
1.585065624967679e-002	4.024969e+000	-1.929006e+000	9.645030e-001	1.200000e+001	7.975031e+000
1.604596874967680e-002	4.019040e+000	-1.892990e+000	9.464948e-001	1.200000e+001	7.980960e+000
1.614362499967680e-002	4.015634e+000	-1.872300e+000	9.361501e-001	1.200000e+001	7.984366e+000
1.624128124967680e-002	4.011937e+000	-1.849849e+000	9.249243e-001	1.200000e+001	7.988063e+000
1.633893749967680e-002	4.007955e+000	-1.825656e+000	9.128280e-001	1.200000e+001	7.992045e+000
1.643659374967680e-002	4.003689e+000	-1.799745e+000	8.998725e-001	1.200000e+001	7.996311e+000
1.653424999967680e-002	3.999145e+000	-1.772140e+000	8.860701e-001	1.200000e+001	8.000855e+000
1.663190624967681e-002	3.994326e+000	-1.742868e+000	8.714338e-001	1.200000e+001	8.005674e+000
1.672956249967681e-002	3.989237e+000	-1.711955e+000	8.559774e-001	1.200000e+001	8.010763e+000
1.682721874967681e-002	3.983882e+000	-1.679430e+000	8.397152e-001	1.200000e+001	8.016118e+000
1.692487499967681e-002	3.978268e+000	-1.645326e+000	8.226628e-001	1.200000e+001	8.021732e+000
1.702253124967681e-002	3.972399e+000	-1.609672e+000	8.048362e-001	1.200000e+001	8.027601e+000
1.712018749967681e-002	3.966279e+000	-1.572504e+000	7.862520e-001	1.200000e+001	8.033721e+000
1.721784374967681e-002	3.959917e+000	-1.533856e+000	7.669279e-001	1.200000e+001	8.040083e+000
1.731549999967682e-002	3.953317e+000	-1.493764e+000	7.468820e-001	1.200000e+001	8.046683e+000
1.741315624967682e-002	3.946486e+000	-1.452266e+000	7.261330e-001	1.200000e+001	8.053514e+000
1.751081249967682e-002	3.939429e+000	-1.409402e+000	7.047008e-001	1.200000e+001	8.060571e+000
1.760846874967682e-002	3.932154e+000	-1.365211e+000	6.826053e-001	1.200000e+001	8.067846e+000
1.770612499967682e-002	3.924667e+000	-1.319735e+000	6.598673e-001	1.200000e+001	8.075333e+000
1.790143749967682e-002	3.909089e+000	-1.225100e+000	6.125501e-001	1.200000e+001	8.090911e+000
1.809674999967683e-002	3.892752e+000	-1.125855e+000	5.629275e-001	1.200000e+001	8.107248e+000
1.838971874967683e-002	3.866959e+000	-9.691632e-001	4.845816e-001	1.200000e+001	8.133041e+000
1.855712946396255e-002	3.851487e+000	-8.751705e-001	4.375853e-001	1.200000e+001	8.148514e+000
1.872454017824827e-002	3.835727e+000	-7.794338e-001	3.897169e-001	1.200000e+001	8.164273e+000
1.889195089253398e-002	3.819681e+000	-6.819529e-001	3.409765e-001	1.200000e+001	8.180320e+000
1.905936160681970e-002	3.803346e+000	-5.827280e-001	2.913640e-001	1.200000e+001	8.196654e+000
1.922677232110541e-002	3.786724e+000	-4.817590e-001	2.408795e-001	1.200000e+001	8.213275e+000
1.939418303539113e-002	3.769814e+000	-3.790459e-001	1.895229e-001	1.200000e+001	8.230184e+000
1.956159374967685e-002	3.752617e+000	-2.745887e-001	1.372944e-001	1.200000e+001	8.247379e+000
1.965924999967685e-002	3.742318e+000	-2.136909e-001	1.068454e-001	1.199986e+001	8.257541e+000
1.975690624967685e-002	3.722747e+000	-1.525919e-001	7.629594e-002	1.199510e+001	8.272349e+000
1.985456249967685e-002	3.427012e+000	-9.134928e-002	4.567464e-002	1.185209e+001	8.425079e+000
1.995221874967685e-002	1.554327e+000	-3.002072e-002	1.501036e-002	1.091854e+001	9.364208e+000
2.004987499967685e-002	-1.614194e+000	3.133610e-002	-1.566805e-002	9.331682e+000	1.094588e+001
2.014753124967686e-002	-3.460866e+000	9.266344e-002	-4.633172e-002	8.400442e+000	1.186131e+001
2.024518749967686e-002	-3.748929e+000	1.539036e-001	-7.695178e-002	8.246505e+000	1.199543e+001
2.034284374967686e-002	-3.777920e+000	2.149988e-001	-1.074994e-001	8.221948e+000	1.199987e+001
2.044049999967686e-002	-3.798244e+000	2.758918e-001	-1.379459e-001	8.201752e+000	1.200000e+001
2.055210714253401e-002	-3.821122e+000	3.453712e-001	-1.726856e-001	8.178876e+000	1.200000e+001
2.066371428539115e-002	-3.843790e+000	4.142169e-001	-2.071084e-001	8.156209e+000	1.200000e+001
2.077532142824829e-002	-3.866249e+000	4.824287e-001	-2.412144e-001	8.133750e+000	1.200000e+001
2.088692857110544e-002	-3.888499e+000	5.500068e-001	-2.750034e-001	8.111501e+000	1.200000e+001
2.099853571396258e-002	-3.910540e+000	6.169510e-001	-3.084755e-001	8.089461e+000	1.200000e+001
2.111014285681973e-002	-3.932371e+000	6.832615e-001	-3.416307e-001	8.067629e+000	1.200000e+001
2.122174999967687e-002	-3.953994e+000	7.489381e-001	-3.744690e-001	8.046006e+000	1.200000e+001
2.131940624967687e-002	-3.972608e+000	8.054714e-001	-4.027357e-001	8.027392e+000	1.200000e+001
2.141706249967687e-002	-3.990972e+000	8.612466e-001	-4.306233e-001	8.009028e+000	1.200000e+001
2.151471874967688e-002	-4.009068e+000	9.162114e-001	-4.581057e-001	7.990932e+000	1.200000e+001
2.171003124967688e-002	-4.044395e+000	1.023503e+000	-5.117514e-001	7.955605e+000	1.200000e+001
2.190534374967688e-002	-4.078454e+000	1.126942e+000	-5.634711e-001	7.921546e+000	1.200000e+001
2.210065624967688e-002	-4.111117e+000	1.226140e+000	-6.130700e-001	7.888883e+000	1.200000e+001
2.239362499967689e-002	-4.157226e+000	1.366172e+000	-6.830858e-001	7.842774e+000	1.200000e+001
2.268659374967689e-002	-4.199527e+000	1.494638e+000	-7.473192e-001	7.800473e+000	1.200000e+001
2.297956249967690e-002	-4.237664e+000	1.610453e+000	-8.052264e-001	7.762336e+000	1.200000e+001
2.327253124967690e-002	-4.271312e+000	1.712634e+000	-8.563172e-001	7.728688e+000	1.200000e+001
2.356549999967690e-002	-4.300186e+000	1.800318e+000	-9.001592e-001	7.699814e+000	1.200000e+001
2.385846874967691e-002	-4.324042e+000	1.872762e+000	-9.363812e-001	7.675958e+000	1.200000e+001
2.415143749967691e-002	-4.342678e+000	1.929353e+000	-9.646765e-001	7.657322e+000	1.200000e+001
2.444440624967692e-002	-4.355935e+000	1.969611e+000	-9.848056e-001	7.644065e+000	1.200000e+001
2.473737499967692e-002	-4.363702e+000	1.993197e+000	-9.965983e-001	7.636298e+000	1.200000e+001
2.503034374967693e-002	-4.365912e+000	1.999909e+000	-9.999546e-001	7.634088e+000	1.200000e+001
2.532331249967693e-002	-4.362548e+000	1.989692e+000	-9.948460e-001	7.637452e+000	1.200000e+001
2.561628124967693e-002	-4.353637e+000	1.962632e+000	-9.813160e-001	7.646363e+000	1.200000e+001
2.590924999967694e-002	-4.339254e+000	1.918958e+000	-9.594789e-001	7.660746e+000	1.200000e+001
2.620221874967694e-002	-4.319523e+000	1.859039e+000	-9.295197e-001	7.680477e+000	1.200000e+001
2.649518749967695e-002	-4.294610e+000	1.783384e+000	-8.916919e-001	7.705390e+000	1.200000e+001
2.678815624967695e-002	-4.264725e+000	1.692632e+000	-8.463158e-001	7.735275e+000	1.200000e+001
2.708112499967695e-002	-4.230123e+000	1.587551e+000	-7.937755e-001	7.769877e+000	1.200000e+001
2.737409374967696e-002	-4.191095e+000	1.469031e+000	-7.345157e-001	7.808905e+000	1.200000e+001
2.766706249967696e-002	-4.147974e+000	1.338076e+000	-6.690382e-001	7.852026e+000	1.200000e+001
2.796003124967697e-002	-4.101125e+000	1.195794e+000	-5.978971e-001	7.898875e+000	1.200000e+001
2.815534374967697e-002	-4.068015e+000	1.095238e+000	-5.476189e-001	7.931985e+000	1.200000e+001
2.835065624967697e-002	-4.033548e+000	9.905592e-001	-4.952796e-001	7.966452e+000	1.200000e+001
2.844831249967697e-002	-4.015846e+000	9.367965e-001	-4.683983e-001	7.984154e+000	1.200000e+001
2.854596874967698e-002	-3.997854e+000	8.821523e-001	-4.410761e-001	8.002146e+000	1.200000e+001
2.864362499967698e-002	-3.979589e+000	8.266777e-001	-4.133389e-001	8.020411e+000	1.200000e+001
2.874128124967698e-002	-3.961068e+000	7.704251e-001	-3.852126e-001	8.038932e+000	1.200000e+001
2.883893749967698e-002	-3.942308e+000	7.134475e-001	-3.567237e-001	8.057692e+000	1.200000e+001
2.893659374967698e-002	-3.923328e+000	6.557983e-001	-3.278992e-001	8.076672e+000	1.200000e+001
2.913190624967698e-002	-3.884776e+000	5.387032e-001	-2.693516e-001	8.115224e+000	1.200000e+001
2.952253124967699e-002	-3.805819e+000	2.988787e-001	-1.494393e-001	8.194180e+000	1.200000e+001
2.962018749967699e-002	-3.785734e+000	2.380773e-001	-1.190387e-001	8.214231e+000	1.199997e+001
2.971784374967699e-002	-3.763325e+000	1.770519e-001	-8.852597e-002	8.235479e+000	1.199880e+001
2.981549999967699e-002	-3.665539e+000	1.158599e-001	-5.792993e-002	8.294400e+000	1.195994e+001
2.991315624967699e-002	-2.465402e+000	5.455877e-002	-2.727938e-002	8.903549e+000	1.136895e+001
3.001081249967700e-002	3.997755e-001	-6.793681e-003	3.396841e-003	1.034110e+001	9.941320e+000
3.010846874967700e-002	2.900907e+000	-6.813974e-002	3.406987e-002	1.159057e+001	8.689660e+000
3.020612499967700e-002	3.691584e+000	-1.294217e-001	6.471083e-002	1.198143e+001	8.289843e+000
3.030378124967700e-002	3.737701e+000	-1.905818e-001	9.529089e-002	1.199946e+001	8.261756e+000
3.040143749967700e-002	3.748804e+000	-2.515625e-001	1.257813e-001	1.199998e+001	8.251181e+000
3.049909374967700e-002	3.758833e+000	-3.123065e-001	1.561533e-001	1.200000e+001	8.241167e+000
3.069440624967701e-002	3.778855e+000	-4.339399e-001	2.169699e-001	1.200000e+001	8.221145e+000
3.088971874967701e-002	3.798428e+000	-5.528514e-001	2.764257e-001	1.200000e+001	8.201572e+000
3.108503124967701e-002	3.817554e+000	-6.690411e-001	3.345205e-001	1.200000e+001	8.182446e+000
3.128034374967701e-002	3.836232e+000	-7.825089e-001	3.912545e-001	1.200000e+001	8.163768e+000
3.147565624967701e-002	3.854462e+000	-8.932549e-001	4.466274e-001	1.200000e+001	8.145538e+000
3.167096874967702e-002	3.872244e+000	-1.001279e+000	5.006395e-001	1.200000e+001	8.127756e+000
3.186628124967702e-002	3.889579e+000	-1.106581e+000	5.532907e-001	1.200000e+001	8.110421e+000
3.206159374967702e-002	3.906054e+000	-1.206658e+000	6.033289e-001	1.200000e+001	8.093946e+000
3.225690624967702e-002	3.921781e+000	-1.302193e+000	6.510963e-001	1.200000e+001	8.078219e+000
3.235456249967703e-002	3.929344e+000	-1.348144e+000	6.740720e-001	1.200000e+001	8.070656e+000
3.245221874967703e-002	3.936701e+000	-1.392826e+000	6.964132e-001	1.200000e+001	8.063299e+000
3.254987499967703e-002	3.943840e+000	-1.436198e+000	7.180990e-001	1.200000e+001	8.056160e+000
3.264753124967703e-002	3.950758e+000	-1.478218e+000	7.391089e-001	1.200000e+001	8.049242e+000
3.274518749967703e-002	3.957446e+000	-1.518846e+000	7.594232e-001	1.200000e+001	8.042554e+000
3.284284374967703e-002	3.963900e+000	-1.558046e+000	7.790228e-001	1.200000e+001	8.036100e+000
3.294049999967703e-002	3.970111e+000	-1.595778e+000	7.978891e-001	1.200000e+001	8.029889e+000
3.303815624967704e-002	3.976075e+000	-1.632009e+000	8.160046e-001	1.200000e+001	8.023925e+000
3.313581249967704e-002	3.981787e+000	-1.666704e+000	8.333520e-001	1.200000e+001	8.018213e+000
3.323346874967704e-002	3.987241e+000	-1.699830e+000	8.499151e-001	1.200000e+001	8.012759e+000
3.333112499967704e-002	3.992431e+000	-1.731357e+000	8.656783e-001	1.200000e+001	8.007569e+000
3.342878124967704e-002	3.997353e+000	-1.761253e+000	8.806267e-001	1.200000e+001	8.002647e+000
3.352643749967704e-002	4.002001e+000	-1.789493e+000	8.947464e-001	1.200000e+001	7.997999e+000
3.362409374967704e-002	4.006372e+000	-1.816048e+000	9.080240e-001	1.200000e+001	7.993628e+000
3.372174999967705e-002	4.010463e+000	-1.840894e+000	9.204469e-001	1.200000e+001	7.989537e+000
3.381940624967705e-002	4.014268e+000	-1.864007e+000	9.320035e-001	1.200000e+001	7.985732e+000
3.401471874967705e-002	4.021008e+000	-1.904950e+000	9.524752e-001	1.200000e+001	7.978992e+000
3.421003124967705e-002	4.026568e+000	-1.938724e+000	9.693621e-001	1.200000e+001	7.973432e+000
3.440534374967705e-002	4.030928e+000	-1.965201e+000	9.826005e-001	1.200000e+001	7.969072e+000
3.460065624967706e-002	4.034069e+000	-1.984281e+000	9.921405e-001	1.200000e+001	7.965931e+000
3.479596874967706e-002	4.035980e+000	-1.995893e+000	9.979464e-001	1.200000e+001	7.964020e+000
3.499128124967706e-002	4.036655e+000	-1.999992e+000	9.999962e-001	1.200000e+001	7.963345e+000
3.518659374967707e-002	4.036091e+000	-1.996565e+000	9.982823e-001	1.200000e+001	7.963909e+000
3.538190624967707e-002	4.034289e+000	-1.985622e+000	9.928111e-001	1.200000e+001	7.965711e+000
3.557721874967707e-002	4.031258e+000	-1.967206e+000	9.836032e-001	1.200000e+001	7.968742e+000
3.577253124967707e-002	4.027007e+000	-1.941386e+000	9.706932e-001	1.200000e+001	7.972993e+000
3.596784374967708e-002	4.021554e+000	-1.908259e+000	9.541297e-001	1.200000e+001	7.978446e+000
3.616315624967708e-002	4.014917e+000	-1.867950e+000	9.339751e-001	1.200000e+001	7.985083e+000
3.626081249967708e-002	4.011164e+000	-1.845149e+000	9.225743e-001	1.200000e+001	7.988836e+000
3.635846874967708e-002	4.007124e+000	-1.820610e+000	9.103052e-001	1.200000e+001	7.992876e+000
3.645612499967708e-002	4.002802e+000	-1.794359e+000	8.971794e-001	1.200000e+001	7.997198e+000
3.655378124967709e-002	3.998202e+000	-1.766418e+000	8.832092e-001	1.200000e+001	8.001798e+000
3.665143749967709e-002	3.993329e+000	-1.736815e+000	8.684077e-001	1.200000e+001	8.006671e+000
3.674909374967709e-002	3.988187e+000	-1.705578e+000	8.527889e-001	1.200000e+001	8.011813e+000
3.684674999967709e-002	3.982780e+000	-1.672735e+000	8.363675e-001	1.200000e+001	8.017220e+000
3.694440624967709e-002	3.977114e+000	-1.638318e+000	8.191589e-001	1.200000e+001	8.022886e+000
3.704206249967709e-002	3.971194e+000	-1.602359e+000	8.011794e-001	1.200000e+001	8.028806e+000
3.713971874967709e-002	3.965026e+000	-1.564892e+000	7.824458e-001	1.200000e+001	8.034974e+000
3.723737499967710e-002	3.958615e+000	-1.525952e+000	7.629759e-001	1.200000e+001	8.041385e+000
3.733503124967710e-002	3.951969e+000	-1.485576e+000	7.427878e-001	1.200000e+001	8.048031e+000
3.743268749967710e-002	3.945091e+000	-1.443801e+000	7.219006e-001	1.200000e+001	8.054909e+000
3.753034374967710e-002	3.937991e+000	-1.400668e+000	7.003341e-001	1.200000e+001	8.062009e+000
3.762799999967710e-002	3.930674e+000	-1.356217e+000	6.781083e-001	1.200000e+001	8.069326e+000
3.772565624967710e-002	3.923146e+000	-1.310489e+000	6.552445e-001	1.200000e+001	8.076854e+000
3.792096874967710e-002	3.907489e+000	-1.215377e+000	6.076886e-001	1.200000e+001	8.092511e+000
3.811628124967711e-002	3.891079e+000	-1.115691e+000	5.578456e-001	1.200000e+001	8.108921e+000
3.840924999967711e-002	3.865188e+000	-9.584103e-001	4.792051e-001	1.200000e+001	8.134812e+000
3.856270982110568e-002	3.850992e+000	-8.721751e-001	4.360876e-001	1.200000e+001	8.149008e+000
3.871616964253426e-002	3.836549e+000	-7.844333e-001	3.922166e-001	1.200000e+001	8.163451e+000
3.886962946396283e-002	3.821858e+000	-6.951847e-001	3.475924e-001	1.200000e+001	8.178142e+000
3.902308928539141e-002	3.806919e+000	-6.044295e-001	3.022147e-001	1.200000e+001	8.193081e+000
3.917654910681998e-002	3.791732e+000	-5.121676e-001	2.560838e-001	1.200000e+001	8.208268e+000
3.933000892824855e-002	3.776297e+000	-4.183990e-001	2.091995e-001	1.200000e+001	8.223703e+000
3.948346874967713e-002	3.760614e+000	-3.231237e-001	1.615618e-001	1.200000e+001	8.239386e+000
3.958112499967713e-002	3.750607e+000	-2.624280e-001	1.312140e-001	1.199999e+001	8.249385e+000
3.967878124967713e-002	3.740017e+000	-2.014853e-001	1.007427e-001	1.199971e+001	8.259695e+000
3.977643749967713e-002	3.710688e+000	-1.403530e-001	7.017650e-002	1.199007e+001	8.279380e+000
3.987409374967713e-002	3.194438e+000	-7.908861e-002	3.954430e-002	1.173665e+001	8.542212e+000
3.997174999967713e-002	9.974432e-001	-1.774977e-002	8.874883e-003	1.064012e+001	9.642674e+000
4.006940624967714e-002	-2.077901e+000	4.360578e-002	-2.180289e-002	9.098586e+000	1.117649e+001
4.016706249967714e-002	-3.596009e+000	1.049203e-001	-5.246014e-002	8.330943e+000	1.192695e+001
4.026471874967714e-002	-3.757600e+000	1.661360e-001	-8.306802e-002	8.240149e+000	1.199775e+001
4.036237499967714e-002	-3.782085e+000	2.271954e-001	-1.135977e-001	8.217850e+000	1.199994e+001
4.046003124967714e-002	-3.802249e+000	2.880410e-001	-1.440205e-001	8.197749e+000	1.200000e+001
4.055768749967714e-002	-3.822239e+000	3.487557e-001	-1.743778e-001	8.177760e+000	1.200000e+001
4.065534374967714e-002	-3.842074e+000	4.090017e-001	-2.045008e-001	8.157925e+000	1.200000e+001
4.075299999967715e-002	-3.861756e+000	4.687790e-001	-2.343895e-001	8.138244e+000	1.200000e+001
4.085065624967715e-002	-3.881282e+000	5.280876e-001	-2.640438e-001	8.118718e+000	1.200000e+001
4.094831249967715e-002	-3.900654e+000	5.869275e-001	-2.934638e-001	8.099346e+000	1.200000e+001
4.104596874967715e-002	-3.919872e+000	6.452987e-001	-3.226494e-001	8.080128e+000	1.200000e+001
4.114362499967715e-002	-3.938935e+000	7.032013e-001	-3.516006e-001	8.061065e+000	1.200000e+001
4.124128124967715e-002	-3.957735e+000	7.603028e-001	-3.801514e-001	8.042265e+000	1.200000e+001
4.133893749967715e-002	-3.976301e+000	8.166888e-001	-4.083444e-001	8.023699e+000	1.200000e+001
4.143659374967715e-002	-3.994613e+000	8.723061e-001	-4.361531e-001	8.005387e+000	1.200000e+001
4.153424999967716e-002	-4.012654e+000	9.271024e-001	-4.635512e-001	7.987346e+000	1.200000e+001
4.172956249967716e-002	-4.047860e+000	1.034027e+000	-5.170134e-001	7.952140e+000	1.200000e+001
4.192487499967716e-002	-4.081785e+000	1.137059e+000	-5.685295e-001	7.918215e+000	1.200000e+001
4.212018749967716e-002	-4.114301e+000	1.235812e+000	-6.179059e-001	7.885699e+000	1.200000e+001
4.241315624967717e-002	-4.160169e+000	1.375108e+000	-6.875542e-001	7.839831e+000	1.200000e+001
4.270612499967717e-002	-4.202203e+000	1.502764e+000	-7.513822e-001	7.797797e+000	1.200000e+001
4.299909374967718e-002	-4.240050e+000	1.617699e+000	-8.088496e-001	7.759950e+000	1.200000e+001
4.329206249967718e-002	-4.273388e+000	1.718940e+000	-8.594700e-001	7.726612e+000	1.200000e+001
4.358503124967719e-002	-4.301935e+000	1.805630e+000	-9.028148e-001	7.698065e+000	1.200000e+001
4.387799999967719e-002	-4.325449e+000	1.877034e+000	-9.385172e-001	7.674551e+000	1.200000e+001
4.417096874967719e-002	-4.343730e+000	1.932549e+000	-9.662747e-001	7.656270e+000	1.200000e+001
4.446393749967720e-002	-4.356625e+000	1.971705e+000	-9.858527e-001	7.643375e+000	1.200000e+001
4.475690624967720e-002	-4.364023e+000	1.994170e+000	-9.970852e-001	7.635977e+000	1.200000e+001
4.504987499967721e-002	-4.365861e+000	1.999755e+000	-9.998773e-001	7.634139e+000	1.200000e+001
4.534284374967721e-002	-4.362126e+000	1.988410e+000	-9.942052e-001	7.637874e+000	1.200000e+001
4.563581249967721e-002	-4.352847e+000	1.960234e+000	-9.801169e-001	7.647153e+000	1.200000e+001
4.592878124967722e-002	-4.338104e+000	1.915464e+000	-9.577318e-001	7.661896e+000	1.200000e+001
4.622174999967722e-002	-4.318021e+000	1.854479e+000	-9.272394e-001	7.681979e+000	1.200000e+001
4.651471874967723e-002	-4.292769e+000	1.777795e+000	-8.888977e-001	7.707231e+000	1.200000e+001
4.680768749967723e-002	-4.262562e+000	1.686063e+000	-8.430314e-001	7.737438e+000	1.200000e+001
4.710065624967724e-002	-4.227655e+000	1.580057e+000	-7.900286e-001	7.772345e+000	1.200000e+001
4.739362499967724e-002	-4.188344e+000	1.460676e+000	-7.303382e-001	7.811656e+000	1.200000e+001
4.768659374967724e-002	-4.144963e+000	1.328930e+000	-6.644652e-001	7.855037e+000	1.200000e+001
4.788190624967725e-002	-4.113960e+000	1.234777e+000	-6.173886e-001	7.886040e+000	1.200000e+001
4.807721874967725e-002	-4.081429e+000	1.135977e+000	-5.679883e-001	7.918571e+000	1.200000e+001
4.827253124967725e-002	-4.047489e+000	1.032900e+000	-5.164502e-001	7.952511e+000	1.200000e+001
4.846784374967725e-002	-4.012271e+000	9.259366e-001	-4.629683e-001	7.987729e+000	1.200000e+001
4.856549999967726e-002	-3.994223e+000	8.711221e-001	-4.355611e-001	8.005777e+000	1.200000e+001
4.866315624967726e-002	-3.975905e+000	8.154877e-001	-4.077439e-001	8.024095e+000	1.200000e+001
4.876081249967726e-002	-3.957335e+000	7.590859e-001	-3.795429e-001	8.042665e+000	1.200000e+001
4.885846874967726e-002	-3.938530e+000	7.019696e-001	-3.509848e-001	8.061470e+000	1.200000e+001
4.905378124967726e-002	-3.900286e+000	5.858094e-001	-2.929047e-001	8.099714e+000	1.200000e+001
4.934674999967727e-002	-3.841605e+000	4.075740e-001	-2.037870e-001	8.158395e+000	1.200000e+001
4.954206249967727e-002	-3.801820e+000	2.867391e-001	-1.433696e-001	8.198178e+000	1.200000e+001
4.963971874967727e-002	-3.781651e+000	2.258884e-001	-1.129442e-001	8.218279e+000	1.199993e+001
4.973737499967727e-002	-3.756838e+000	1.648250e-001	-8.241250e-002	8.240734e+000	1.199757e+001
4.983503124967727e-002	-3.584864e+000	1.036065e-001	-5.180326e-002	8.336711e+000	1.192157e+001
4.993268749967728e-002	-2.030162e+000	4.229054e-002	-2.114527e-002	9.122598e+000	1.115276e+001
5.003034374967728e-002	1.062955e+000	-1.906525e-002	9.532626e-003	1.067290e+001	9.609942e+000
5.012799999967728e-002	3.224315e+000	-8.040310e-002	4.020155e-002	1.175152e+001	8.527202e+000
5.022565624967728e-002	3.712337e+000	-1.416653e-001	7.083264e-002	1.199079e+001	8.278453e+000
5.032331249967728e-002	3.740273e+000	-2.027941e-001	1.013971e-001	1.199973e+001	8.259460e+000
5.042096874967728e-002	3.750822e+000	-2.637321e-001	1.318661e-001	1.199999e+001	8.249170e+000
5.071393749967729e-002	3.780647e+000	-4.448286e-001	2.224143e-001	1.200000e+001	8.219353e+000
5.090924999967729e-002	3.800365e+000	-5.646165e-001	2.823082e-001	1.200000e+001	8.199635e+000
5.110456249967729e-002	3.819559e+000	-6.812176e-001	3.406088e-001	1.200000e+001	8.180441e+000
5.129987499967730e-002	3.838228e+000	-7.946319e-001	3.973160e-001	1.200000e+001	8.161772e+000
5.149518749967730e-002	3.856373e+000	-9.048595e-001	4.524298e-001	1.200000e+001	8.143627e+000
5.169049999967730e-002	3.873994e+000	-1.011900e+000	5.059502e-001	1.200000e+001	8.126006e+000
5.188581249967730e-002	3.891090e+000	-1.115754e+000	5.578772e-001	1.200000e+001	8.108910e+000
5.208112499967731e-002	3.907661e+000	-1.216422e+000	6.082109e-001	1.200000e+001	8.092339e+000
5.227643749967731e-002	3.923309e+000	-1.311482e+000	6.557412e-001	1.200000e+001	8.076691e+000
5.237409374967731e-002	3.930833e+000	-1.357183e+000	6.785917e-001	1.200000e+001	8.069167e+000
5.247174999967731e-002	3.938146e+000	-1.401607e+000	7.008035e-001	1.200000e+001	8.061854e+000
5.256940624967731e-002	3.945242e+000	-1.444711e+000	7.223557e-001	1.200000e+001	8.054758e+000
5.266706249967731e-002	3.952114e+000	-1.486456e+000	7.432280e-001	1.200000e+001	8.047886e+000
5.276471874967732e-002	3.958755e+000	-1.526802e+000	7.634009e-001	1.200000e+001	8.041245e+000
5.286237499967732e-002	3.965160e+000	-1.565711e+000	7.828553e-001	1.200000e+001	8.034840e+000
5.296003124967732e-002	3.971324e+000	-1.603146e+000	8.015729e-001	1.200000e+001	8.028676e+000
5.305768749967732e-002	3.977238e+000	-1.639072e+000	8.195360e-001	1.200000e+001	8.022762e+000
5.315534374967732e-002	3.982899e+000	-1.673456e+000	8.367279e-001	1.200000e+001	8.017101e+000
5.325299999967732e-002	3.988300e+000	-1.706264e+000	8.531322e-001	1.200000e+001	8.011700e+000
5.335065624967732e-002	3.993437e+000	-1.737467e+000	8.687336e-001	1.200000e+001	8.006563e+000
5.344831249967733e-002	3.998303e+000	-1.767035e+000	8.835174e-001	1.200000e+001	8.001697e+000
5.354596874967733e-002	4.002898e+000	-1.794939e+000	8.974697e-001	1.200000e+001	7.997102e+000
5.364362499967733e-002	4.007214e+000	-1.821155e+000	9.105773e-001	1.200000e+001	7.992786e+000
5.374128124967733e-002	4.011247e+000	-1.845656e+000	9.228278e-001	1.200000e+001	7.988753e+000
5.383893749967733e-002	4.014995e+000	-1.868420e+000	9.342099e-001	1.200000e+001	7.985005e+000
5.403424999967733e-002	4.021618e+000	-1.908653e+000	9.543264e-001	1.200000e+001	7.978382e+000
5.422956249967734e-002	4.027059e+000	-1.941702e+000	9.708510e-001	1.200000e+001	7.972941e+000
5.442487499967734e-002	4.031297e+000	-1.967443e+000	9.837216e-001	1.200000e+001	7.968703e+000
5.462018749967734e-002	4.034315e+000	-1.985779e+000	9.928896e-001	1.200000e+001	7.965685e+000
5.481549999967735e-002	4.036104e+000	-1.996641e+000	9.983206e-001	1.200000e+001	7.963896e+000
5.501081249967735e-002	4.036654e+000	-1.999988e+000	9.999942e-001	1.200000e+001	7.963346e+000
5.520612499967735e-002	4.035966e+000	-1.995808e+000	9.979041e-001	1.200000e+001	7.964034e+000
5.540143749967735e-002	4.034041e+000	-1.984116e+000	9.920580e-001	1.200000e+001	7.965959e+000
5.559674999967736e-002	4.030887e+000	-1.964956e+000	9.824781e-001	1.200000e+001	7.969113e+000
5.579206249967736e-002	4.026515e+000	-1.938401e+000	9.692003e-001	1.200000e+001	7.973485e+000
5.598737499967736e-002	4.020943e+000	-1.904549e+000	9.522747e-001	1.200000e+001	7.979057e+000
5.618268749967736e-002	4.014190e+000	-1.863530e+000	9.317649e-001	1.200000e+001	7.985810e+000
5.628034374967737e-002	4.010378e+000	-1.840379e+000	9.201896e-001	1.200000e+001	7.989622e+000
5.637799999967737e-002	4.006282e+000	-1.815496e+000	9.077482e-001	1.200000e+001	7.993718e+000
5.647565624967737e-002	4.001904e+000	-1.788905e+000	8.944525e-001	1.200000e+001	7.998096e+000
5.657331249967737e-002	3.997250e+000	-1.760630e+000	8.803149e-001	1.200000e+001	8.002750e+000
5.667096874967737e-002	3.992322e+000	-1.730698e+000	8.653488e-001	1.200000e+001	8.007678e+000
5.676862499967737e-002	3.987126e+000	-1.699137e+000	8.495683e-001	1.200000e+001	8.012874e+000
5.686628124967737e-002	3.981667e+000	-1.665977e+000	8.329883e-001	1.200000e+001	8.018333e+000
5.696393749967738e-002	3.975950e+000	-1.631248e+000	8.156242e-001	1.200000e+001	8.024050e+000
5.706159374967738e-002	3.969980e+000	-1.594985e+000	7.974924e-001	1.200000e+001	8.030020e+000
5.715924999967738e-002	3.963763e+000	-1.557220e+000	7.786102e-001	1.200000e+001	8.036237e+000
5.725690624967738e-002	3.957305e+000	-1.517990e+000	7.589951e-001	1.200000e+001	8.042695e+000
5.735456249967738e-002	3.950612e+000	-1.477331e+000	7.386657e-001	1.200000e+001	8.049388e+000
5.745221874967738e-002	3.943689e+000	-1.435282e+000	7.176411e-001	1.200000e+001	8.056311e+000
5.754987499967738e-002	3.936545e+000	-1.391882e+000	6.959410e-001	1.200000e+001	8.063455e+000
5.764753124967739e-002	3.929185e+000	-1.347172e+000	6.735860e-001	1.200000e+001	8.070815e+000
5.774518749967739e-002	3.921616e+000	-1.301194e+000	6.505970e-001	1.200000e+001	8.078384e+000
5.794049999967739e-002	3.905881e+000	-1.205608e+000	6.028042e-001	1.200000e+001	8.094119e+000
5.813581249967739e-002	3.889399e+000	-1.105485e+000	5.527427e-001	1.200000e+001	8.110601e+000
5.842878124967740e-002	3.863412e+000	-9.476212e-001	4.738106e-001	1.200000e+001	8.136588e+000
5.858224107110597e-002	3.849172e+000	-8.611156e-001	4.305578e-001	1.200000e+001	8.150828e+000
5.873570089253454e-002	3.834688e+000	-7.731303e-001	3.865651e-001	1.200000e+001	8.165312e+000
5.888916071396311e-002	3.819961e+000	-6.836651e-001	3.418326e-001	1.200000e+001	8.180039e+000
5.904262053539169e-002	3.804991e+000	-5.927203e-001	2.963601e-001	1.200000e+001	8.195009e+000
5.919608035682027e-002	3.789777e+000	-5.002956e-001	2.501478e-001	1.200000e+001	8.210223e+000
5.934954017824884e-002	3.774320e+000	-4.063912e-001	2.031956e-001	1.200000e+001	8.225680e+000
5.950299999967741e-002	3.758619e+000	-3.110071e-001	1.555035e-001	1.200000e+001	8.241381e+000
5.960065624967741e-002	3.748586e+000	-2.502574e-001	1.251287e-001	1.199998e+001	8.251397e+000
5.969831249967741e-002	3.737412e+000	-1.892722e-001	9.463609e-002	1.199941e+001	8.262002e+000
5.979596874967742e-002	3.688524e+000	-1.281088e-001	6.405442e-002	1.197998e+001	8.291458e+000
5.989362499967742e-002	2.860962e+000	-6.682494e-002	3.341247e-002	1.157065e+001	8.709685e+000
5.999128124967742e-002	3.229742e-001	-5.478146e-003	2.739073e-003	1.030267e+001	9.979694e+000
6.008893749967742e-002	-2.510839e+000	5.587381e-002	-2.793690e-002	8.880693e+000	1.139153e+001
6.018659374967742e-002	-3.671624e+000	1.171732e-001	-5.858659e-002	8.291156e+000	1.196278e+001
6.028424999967742e-002	-3.763928e+000	1.783623e-001	-8.918113e-002	8.234963e+000	1.199889e+001
6.038190624967742e-002	-3.786169e+000	2.393835e-001	-1.196917e-001	8.213799e+000	1.199997e+001
6.047956249967743e-002	-3.806247e+000	3.001794e-001	-1.500897e-001	8.193752e+000	1.200000e+001
6.057721874967743e-002	-3.826216e+000	3.608328e-001	-1.804164e-001	8.173784e+000	1.200000e+001
6.067487499967743e-002	-3.846027e+000	4.210064e-001	-2.105032e-001	8.153973e+000	1.200000e+001
6.077253124967743e-002	-3.865680e+000	4.807001e-001	-2.403500e-001	8.134320e+000	1.200000e+001
6.087018749967743e-002	-3.885175e+000	5.399139e-001	-2.699570e-001	8.114825e+000	1.200000e+001
6.096784374967743e-002	-3.904513e+000	5.986479e-001	-2.993240e-001	8.095488e+000	1.200000e+001
6.106549999967743e-002	-3.923692e+000	6.569020e-001	-3.284510e-001	8.076308e+000	1.200000e+001
6.116315624967744e-002	-3.942714e+000	7.146763e-001	-3.573382e-001	8.057286e+000	1.200000e+001
6.126081249967744e-002	-3.961468e+000	7.716390e-001	-3.858195e-001	8.038532e+000	1.200000e+001
6.135846874967744e-002	-3.979984e+000	8.278754e-001	-4.139377e-001	8.020016e+000	1.200000e+001
6.145612499967744e-002	-3.998243e+000	8.833327e-001	-4.416664e-001	8.001757e+000	1.200000e+001
6.155378124967744e-002	-4.016229e+000	9.379587e-001	-4.689793e-001	7.983771e+000	1.200000e+001
6.174909374967744e-002	-4.051312e+000	1.044512e+000	-5.222558e-001	7.948688e+000	1.200000e+001
6.194440624967745e-002	-4.085102e+000	1.147133e+000	-5.735666e-001	7.914898e+000	1.200000e+001
6.213971874967745e-002	-4.117471e+000	1.245437e+000	-6.227186e-001	7.882529e+000	1.200000e+001
6.243268749967745e-002	-4.163094e+000	1.383993e+000	-6.919967e-001	7.836906e+000	1.200000e+001
6.272565624967744e-002	-4.204860e+000	1.510834e+000	-7.554169e-001	7.795140e+000	1.200000e+001
6.301862499967742e-002	-4.242416e+000	1.624885e+000	-8.124424e-001	7.757584e+000	1.200000e+001
6.331159374967740e-002	-4.275443e+000	1.725181e+000	-8.625904e-001	7.724557e+000	1.200000e+001
6.360456249967739e-002	-4.303662e+000	1.810873e+000	-9.054364e-001	7.696338e+000	1.200000e+001
6.389753124967737e-002	-4.326832e+000	1.881235e+000	-9.406177e-001	7.673168e+000	1.200000e+001
6.419049999967735e-002	-4.344759e+000	1.935673e+000	-9.678366e-001	7.655241e+000	1.200000e+001
6.448346874967734e-002	-4.357290e+000	1.973725e+000	-9.868626e-001	7.642710e+000	1.200000e+001
6.477643749967732e-002	-4.364319e+000	1.995069e+000	-9.975346e-001	7.635681e+000	1.200000e+001
6.506940624967730e-002	-4.365786e+000	1.999525e+000	-9.997623e-001	7.634214e+000	1.200000e+001
6.536237499967729e-002	-4.361679e+000	1.987054e+000	-9.935268e-001	7.638321e+000	1.200000e+001
6.565534374967727e-002	-4.352033e+000	1.957762e+000	-9.788810e-001	7.647967e+000	1.200000e+001
6.594831249967725e-002	-4.336929e+000	1.911898e+000	-9.559488e-001	7.663071e+000	1.200000e+001
6.624128124967724e-002	-4.316496e+000	1.849849e+000	-9.249243e-001	7.683504e+000	1.200000e+001
6.653424999967722e-002	-4.290907e+000	1.772140e+000	-8.860701e-001	7.709093e+000	1.200000e+001
6.682721874967720e-002	-4.260378e+000	1.679430e+000	-8.397152e-001	7.739622e+000	1.200000e+001
6.712018749967719e-002	-4.225168e+000	1.572504e+000	-7.862520e-001	7.774832e+000	1.200000e+001
6.741315624967717e-002	-4.185575e+000	1.452266e+000	-7.261330e-001	7.814425e+000	1.200000e+001
6.770612499967715e-002	-4.141935e+000	1.319735e+000	-6.598673e-001	7.858065e+000	1.200000e+001
6.790143749967714e-002	-4.110774e+000	1.225100e+000	-6.125501e-001	7.889226e+000	1.200000e+001
6.809674999967713e-002	-4.078096e+000	1.125855e+000	-5.629275e-001	7.921904e+000	1.200000e+001
6.829206249967712e-002	-4.044023e+000	1.022372e+000	-5.111862e-001	7.955977e+000	1.200000e+001
6.848737499967711e-002	-4.008684e+000	9.150417e-001	-4.575209e-001	7.991316e+000	1.200000e+001
6.858503124967710e-002	-3.990581e+000	8.600591e-001	-4.300296e-001	8.009419e+000	1.200000e+001
6.868268749967710e-002	-3.972211e+000	8.042671e-001	-4.021336e-001	8.027789e+000	1.200000e+001
6.878034374967709e-002	-3.953592e+000	7.477181e-001	-3.738590e-001	8.046408e+000	1.200000e+001
6.887799999967709e-002	-3.934742e+000	6.904653e-001	-3.452327e-001	8.065258e+000	1.200000e+001
6.907331249967708e-002	-3.896420e+000	5.740649e-001	-2.870324e-001	8.103580e+000	1.200000e+001
6.936628124967706e-002	-3.837647e+000	3.955521e-001	-1.977760e-001	8.162353e+000	1.200000e+001
6.956159374967705e-002	-3.797816e+000	2.745887e-001	-1.372944e-001	8.202180e+000	1.200000e+001
6.965924999967704e-002	-3.777491e+000	2.136909e-001	-1.068454e-001	8.222366e+000	1.199986e+001
6.975690624967704e-002	-3.747823e+000	1.525919e-001	-7.629594e-002	8.247252e+000	1.199508e+001
6.985456249967703e-002	-3.441603e+000	9.134928e-002	-4.567464e-002	8.410266e+000	1.185187e+001
6.995221874967703e-002	-1.560713e+000	3.002072e-002	-1.501036e-002	9.358545e+000	1.091926e+001
7.004987499967702e-002	1.607690e+000	-3.133610e-002	1.566805e-002	1.094520e+001	9.337513e+000
7.014753124967701e-002	3.446046e+000	-9.266344e-002	4.633172e-002	1.186152e+001	8.415479e+000
7.024518749967701e-002	3.723635e+000	-1.539036e-001	7.695178e-002	1.199545e+001	8.271818e+000
7.034284374967700e-002	3.742533e+000	-2.149988e-001	1.074994e-001	1.199987e+001	8.257336e+000
7.044049999967700e-002	3.752831e+000	-2.758918e-001	1.379459e-001	1.200000e+001	8.247165e+000
7.062186160681984e-002	3.771473e+000	-3.891242e-001	1.945621e-001	1.200000e+001	8.228524e+000
7.080322321396269e-002	3.789762e+000	-5.002131e-001	2.501065e-001	1.200000e+001	8.210237e+000
7.098458482110553e-002	3.807697e+000	-6.091583e-001	3.045791e-001	1.200000e+001	8.192303e+000
7.116594642824839e-002	3.825279e+000	-7.159599e-001	3.579799e-001	1.200000e+001	8.174721e+000
7.134730803539123e-002	3.842507e+000	-8.206178e-001	4.103089e-001	1.200000e+001	8.157493e+000
7.152866964253409e-002	3.859382e+000	-9.231321e-001	4.615661e-001	1.200000e+001	8.140619e+000
7.171003124967693e-002	3.875903e+000	-1.023503e+000	5.117514e-001	1.200000e+001	8.124097e+000
7.200299999967691e-002	3.901187e+000	-1.177095e+000	5.885475e-001	1.200000e+001	8.098813e+000
7.219831249967690e-002	3.917145e+000	-1.274031e+000	6.370154e-001	1.200000e+001	8.082855e+000
7.229596874967689e-002	3.924830e+000	-1.320723e+000	6.603613e-001	1.200000e+001	8.075170e+000
7.239362499967689e-002	3.932312e+000	-1.366172e+000	6.830858e-001	1.200000e+001	8.067688e+000
7.249128124967688e-002	3.939583e+000	-1.410335e+000	7.051673e-001	1.200000e+001	8.060417e+000
7.258893749967688e-002	3.946634e+000	-1.453170e+000	7.265851e-001	1.200000e+001	8.053366e+000
7.268659374967687e-002	3.953461e+000	-1.494638e+000	7.473192e-001	1.200000e+001	8.046539e+000
7.278424999967686e-002	3.960056e+000	-1.534700e+000	7.673498e-001	1.200000e+001	8.039944e+000
7.288190624967686e-002	3.966413e+000	-1.573317e+000	7.866583e-001	1.200000e+001	8.033587e+000
7.297956249967685e-002	3.972527e+000	-1.610453e+000	8.052264e-001	1.200000e+001	8.027473e+000
7.307721874967685e-002	3.978391e+000	-1.646073e+000	8.230366e-001	1.200000e+001	8.021609e+000
7.317487499967684e-002	3.983999e+000	-1.680145e+000	8.400723e-001	1.200000e+001	8.016001e+000
7.327253124967684e-002	3.989348e+000	-1.712634e+000	8.563172e-001	1.200000e+001	8.010652e+000
7.337018749967683e-002	3.994431e+000	-1.743513e+000	8.717563e-001	1.200000e+001	8.005569e+000
7.346784374967683e-002	3.999245e+000	-1.772750e+000	8.863748e-001	1.200000e+001	8.000755e+000
7.356549999967682e-002	4.003783e+000	-1.800318e+000	9.001592e-001	1.200000e+001	7.996217e+000
7.366315624967681e-002	4.008043e+000	-1.826193e+000	9.130964e-001	1.200000e+001	7.991957e+000
7.376081249967681e-002	4.012020e+000	-1.850348e+000	9.251741e-001	1.200000e+001	7.987980e+000
7.385846874967680e-002	4.015709e+000	-1.872762e+000	9.363812e-001	1.200000e+001	7.984291e+000
7.405378124967679e-002	4.022216e+000	-1.912283e+000	9.561417e-001	1.200000e+001	7.977784e+000
7.424909374967678e-002	4.027537e+000	-1.944607e+000	9.723034e-001	1.200000e+001	7.972463e+000
7.444440624967677e-002	4.031654e+000	-1.969611e+000	9.848056e-001	1.200000e+001	7.968346e+000
7.463971874967676e-002	4.034550e+000	-1.987203e+000	9.936013e-001	1.200000e+001	7.965450e+000
7.483503124967675e-002	4.036214e+000	-1.997315e+000	9.986573e-001	1.200000e+001	7.963786e+000
7.503034374967674e-002	4.036641e+000	-1.999909e+000	9.999546e-001	1.200000e+001	7.963359e+000
7.522565624967673e-002	4.035830e+000	-1.994976e+000	9.974882e-001	1.200000e+001	7.964170e+000
7.542096874967671e-002	4.033782e+000	-1.982535e+000	9.912676e-001	1.200000e+001	7.966218e+000
7.561628124967670e-002	4.030505e+000	-1.962632e+000	9.813160e-001	1.200000e+001	7.969495e+000
7.581159374967669e-002	4.026012e+000	-1.935342e+000	9.676709e-001	1.200000e+001	7.973988e+000
7.600690624967668e-002	4.020320e+000	-1.900768e+000	9.503838e-001	1.200000e+001	7.979680e+000
7.610456249967668e-002	4.017031e+000	-1.880789e+000	9.403943e-001	1.200000e+001	7.982969e+000
7.620221874967667e-002	4.013450e+000	-1.859039e+000	9.295197e-001	1.200000e+001	7.986550e+000
7.629987499967667e-002	4.009582e+000	-1.835540e+000	9.177702e-001	1.200000e+001	7.990418e+000
7.639753124967666e-002	4.005429e+000	-1.810314e+000	9.051570e-001	1.200000e+001	7.994571e+000
7.649518749967665e-002	4.000996e+000	-1.783384e+000	8.916919e-001	1.200000e+001	7.999004e+000
7.659284374967665e-002	3.996286e+000	-1.754775e+000	8.773875e-001	1.200000e+001	8.003714e+000
7.669049999967664e-002	3.991304e+000	-1.724515e+000	8.622574e-001	1.200000e+001	8.008696e+000
7.678815624967664e-002	3.986055e+000	-1.692632e+000	8.463158e-001	1.200000e+001	8.013945e+000
7.688581249967663e-002	3.980545e+000	-1.659155e+000	8.295776e-001	1.200000e+001	8.019455e+000
7.698346874967663e-002	3.974776e+000	-1.624117e+000	8.120587e-001	1.200000e+001	8.025224e+000
7.708112499967662e-002	3.968757e+000	-1.587551e+000	7.937755e-001	1.200000e+001	8.031243e+000
7.717878124967662e-002	3.962491e+000	-1.549490e+000	7.747452e-001	1.200000e+001	8.037509e+000
7.727643749967661e-002	3.955985e+000	-1.509971e+000	7.549857e-001	1.200000e+001	8.044015e+000
7.737409374967660e-002	3.949245e+000	-1.469031e+000	7.345157e-001	1.200000e+001	8.050755e+000
7.747174999967660e-002	3.942278e+000	-1.426709e+000	7.133544e-001	1.200000e+001	8.057722e+000
7.756940624967659e-002	3.935090e+000	-1.383043e+000	6.915217e-001	1.200000e+001	8.064910e+000
7.766706249967659e-002	3.927688e+000	-1.338076e+000	6.690382e-001	1.200000e+001	8.072312e+000
7.786237499967658e-002	3.912268e+000	-1.244408e+000	6.222038e-001	1.200000e+001	8.087732e+000
7.805768749967657e-002	3.896077e+000	-1.146055e+000	5.730277e-001	1.200000e+001	8.103923e+000
7.835065624967655e-002	3.870481e+000	-9.905592e-001	4.952796e-001	1.200000e+001	8.129519e+000
7.864362499967653e-002	3.843503e+000	-8.266777e-001	4.133389e-001	1.200000e+001	8.156497e+000
7.876918303539081e-002	3.831528e+000	-7.539252e-001	3.769626e-001	1.200000e+001	8.168472e+000
7.889474107110508e-002	3.819407e+000	-6.802902e-001	3.401451e-001	1.200000e+001	8.180593e+000
7.902029910681936e-002	3.807141e+000	-6.057728e-001	3.028864e-001	1.200000e+001	8.192859e+000
7.914585714253365e-002	3.794729e+000	-5.303729e-001	2.651865e-001	1.200000e+001	8.205271e+000
7.927141517824793e-002	3.782172e+000	-4.540906e-001	2.270453e-001	1.200000e+001	8.217828e+000
7.939697321396221e-002	3.769469e+000	-3.769259e-001	1.884629e-001	1.200000e+001	8.230530e+000
7.952253124967648e-002	3.756621e+000	-2.988787e-001	1.494393e-001	1.200000e+001	8.243378e+000
7.962018749967648e-002	3.746546e+000	-2.380773e-001	1.190387e-001	1.199997e+001	8.253420e+000
7.971784374967647e-002	3.734194e+000	-1.770519e-001	8.852597e-002	1.199881e+001	8.264617e+000
7.981549999967647e-002	3.646673e+000	-1.158599e-001	5.792993e-002	1.196004e+001	8.313369e+000
7.991315624967646e-002	2.456463e+000	-5.455877e-002	2.727938e-002	1.136897e+001	8.912509e+000
8.001081249967645e-002	-4.046459e-001	6.793681e-003	-3.396841e-003	9.938326e+000	1.034297e+001
8.010846874967645e-002	-2.911680e+000	6.813974e-002	-3.406987e-002	8.678665e+000	1.159035e+001
8.020612499967644e-002	-3.712770e+000	1.294217e-001	-6.471083e-002	8.268598e+000	1.198137e+001
8.030378124967644e-002	-3.769066e+000	1.905818e-001	-9.529089e-002	8.230389e+000	1.199945e+001
8.040143749967643e-002	-3.790212e+000	2.515625e-001	-1.257813e-001	8.209772e+000	1.199998e+001
8.049909374967643e-002	-3.810241e+000	3.123065e-001	-1.561533e-001	8.189759e+000	1.200000e+001
8.059674999967642e-002	-3.830188e+000	3.728964e-001	-1.864482e-001	8.169812e+000	1.200000e+001
8.069440624967642e-002	-3.849974e+000	4.329952e-001	-2.164976e-001	8.150026e+000	1.200000e+001
8.079206249967641e-002	-3.869599e+000	4.926030e-001	-2.463015e-001	8.130401e+000	1.200000e+001
8.088971874967640e-002	-3.889062e+000	5.517199e-001	-2.758599e-001	8.110938e+000	1.200000e+001
8.098737499967640e-002	-3.908364e+000	6.103457e-001	-3.051728e-001	8.091636e+000	1.200000e+001
8.108503124967639e-002	-3.927504e+000	6.684805e-001	-3.342403e-001	8.072496e+000	1.200000e+001
8.118268749967639e-002	-3.946483e+000	7.261243e-001	-3.630622e-001	8.053517e+000	1.200000e+001
8.128034374967638e-002	-3.965191e+000	7.829461e-001	-3.914731e-001	8.034809e+000	1.200000e+001
8.137799999967638e-002	-3.983657e+000	8.390309e-001	-4.195155e-001	8.016343e+000	1.200000e+001
8.147565624967637e-002	-4.001863e+000	8.943261e-001	-4.471630e-001	7.998137e+000	1.200000e+001
8.167096874967636e-002	-4.037427e+000	1.002340e+000	-5.011700e-001	7.962573e+000	1.200000e+001
8.186628124967635e-002	-4.071750e+000	1.106581e+000	-5.532907e-001	7.928250e+000	1.200000e+001
8.206159374967634e-002	-4.104702e+000	1.206658e+000	-6.033289e-001	7.895298e+000	1.200000e+001
8.235456249967632e-002	-4.151289e+000	1.348144e+000	-6.740720e-001	7.848711e+000	1.200000e+001
8.264753124967630e-002	-4.194120e+000	1.478218e+000	-7.391089e-001	7.805880e+000	1.200000e+001
8.294049999967629e-002	-4.232832e+000	1.595778e+000	-7.978891e-001	7.767168e+000	1.200000e+001
8.323346874967627e-002	-4.267096e+000	1.699830e+000	-8.499151e-001	7.732904e+000	1.200000e+001
8.352643749967625e-002	-4.296621e+000	1.789493e+000	-8.947464e-001	7.703379e+000	1.200000e+001
8.381940624967624e-002	-4.321159e+000	1.864007e+000	-9.320035e-001	7.678841e+000	1.200000e+001
8.411237499967622e-002	-4.340501e+000	1.922742e+000	-9.613711e-001	7.659499e+000	1.200000e+001
8.440534374967620e-002	-4.354483e+000	1.965201e+000	-9.826005e-001	7.645517e+000	1.200000e+001
8.469831249967619e-002	-4.362987e+000	1.991024e+000	-9.955119e-001	7.637013e+000	1.200000e+001
8.499128124967617e-002	-4.365940e+000	1.999992e+000	-9.999962e-001	7.634060e+000	1.200000e+001
8.528424999967615e-002	-4.363318e+000	1.992031e+000	-9.960154e-001	7.636682e+000	1.200000e+001
8.557721874967614e-002	-4.355143e+000	1.967206e+000	-9.836032e-001	7.644857e+000	1.200000e+001
8.587018749967612e-002	-4.341484e+000	1.925729e+000	-9.628645e-001	7.658516e+000	1.200000e+001
8.616315624967610e-002	-4.322457e+000	1.867950e+000	-9.339751e-001	7.677543e+000	1.200000e+001
8.645612499967609e-002	-4.298223e+000	1.794359e+000	-8.971794e-001	7.701777e+000	1.200000e+001
8.674909374967607e-002	-4.268988e+000	1.705578e+000	-8.527889e-001	7.731012e+000	1.200000e+001
8.704206249967605e-002	-4.234999e+000	1.602359e+000	-8.011794e-001	7.765001e+000	1.200000e+001
8.733503124967604e-002	-4.196543e+000	1.485576e+000	-7.427878e-001	7.803457e+000	1.200000e+001
8.762799999967602e-002	-4.153948e+000	1.356217e+000	-6.781083e-001	7.846052e+000	1.200000e+001
8.792096874967600e-002	-4.107573e+000	1.215377e+000	-6.076886e-001	7.892427e+000	1.200000e+001
8.811628124967599e-002	-4.074749e+000	1.115691e+000	-5.578456e-001	7.925251e+000	1.200000e+001
8.831159374967598e-002	-4.040544e+000	1.011806e+000	-5.059030e-001	7.959456e+000	1.200000e+001
8.850690624967597e-002	-4.005085e+000	9.041125e-001	-4.520563e-001	7.994915e+000	1.200000e+001
8.860456249967597e-002	-3.986927e+000	8.489639e-001	-4.244819e-001	8.013073e+000	1.200000e+001
8.870221874967596e-002	-3.968506e+000	7.930161e-001	-3.965081e-001	8.031494e+000	1.200000e+001
8.879987499967595e-002	-3.949841e+000	7.363221e-001	-3.681611e-001	8.050159e+000	1.200000e+001
8.889753124967595e-002	-3.930946e+000	6.789351e-001	-3.394676e-001	8.069054e+000	1.200000e+001
8.909284374967594e-002	-3.892546e+000	5.622987e-001	-2.811493e-001	8.107454e+000	1.200000e+001
8.938581249967592e-002	-3.833685e+000	3.835152e-001	-1.917576e-001	8.166315e+000	1.200000e+001
8.958112499967591e-002	-3.793803e+000	2.624280e-001	-1.312140e-001	8.206188e+000	1.199999e+001
8.967878124967590e-002	-3.773178e+000	2.014853e-001	-1.007427e-001	8.226532e+000	1.199971e+001
8.977643749967590e-002	-3.733718e+000	1.403530e-001	-7.017650e-002	8.256314e+000	1.199003e+001
8.987409374967589e-002	-3.206938e+000	7.908861e-002	-3.954430e-002	8.529453e+000	1.173639e+001
8.997174999967589e-002	-1.002855e+000	1.774977e-002	-8.874883e-003	9.638508e+000	1.064136e+001
9.006940624967588e-002	2.070195e+000	-4.360578e-002	2.180289e-002	1.117622e+001	9.106028e+000
9.016706249967588e-002	3.579044e+000	-1.049203e-001	5.246014e-002	1.192710e+001	8.348061e+000
9.026471874967587e-002	3.730275e+000	-1.661360e-001	8.306802e-002	1.199776e+001	8.267485e+000
9.036237499967587e-002	3.744688e+000	-2.271954e-001	1.135977e-001	1.199994e+001	8.255247e+000
9.046003124967586e-002	3.754835e+000	-2.880410e-001	1.440205e-001	1.200000e+001	8.245163e+000
9.064139285681870e-002	3.773456e+000	-4.011535e-001	2.005767e-001	1.200000e+001	8.226543e+000
9.082275446396156e-002	3.791717e+000	-5.120849e-001	2.560425e-001	1.200000e+001	8.208282e+000
9.100411607110440e-002	3.809619e+000	-6.208353e-001	3.104177e-001	1.200000e+001	8.190381e+000
9.118547767824725e-002	3.827162e+000	-7.274047e-001	3.637024e-001	1.200000e+001	8.172838e+000
9.136683928539009e-002	3.844346e+000	-8.317931e-001	4.158965e-001	1.200000e+001	8.155654e+000
9.154820089253295e-002	3.861171e+000	-9.340004e-001	4.670002e-001	1.200000e+001	8.138830e+000
9.172956249967579e-002	3.877636e+000	-1.034027e+000	5.170134e-001	1.200000e+001	8.122364e+000
9.192487499967578e-002	3.894596e+000	-1.137059e+000	5.685295e-001	1.200000e+001	8.105404e+000
9.212018749967577e-002	3.910852e+000	-1.235812e+000	6.179059e-001	1.200000e+001	8.089148e+000
9.231549999967575e-002	3.926344e+000	-1.329913e+000	6.649566e-001	1.200000e+001	8.073656e+000
9.241315624967575e-002	3.933784e+000	-1.375108e+000	6.875542e-001	1.200000e+001	8.066216e+000
9.251081249967574e-002	3.941010e+000	-1.419009e+000	7.095046e-001	1.200000e+001	8.058990e+000
9.260846874967574e-002	3.948018e+000	-1.461575e+000	7.307873e-001	1.200000e+001	8.051982e+000
9.270612499967573e-002	3.954799e+000	-1.502764e+000	7.513822e-001	1.200000e+001	8.045201e+000
9.280378124967573e-002	3.961347e+000	-1.542540e+000	7.712699e-001	1.200000e+001	8.038653e+000
9.290143749967572e-002	3.967656e+000	-1.580863e+000	7.904317e-001	1.200000e+001	8.032344e+000
9.299909374967572e-002	3.973720e+000	-1.617699e+000	8.088496e-001	1.200000e+001	8.026280e+000
9.309674999967571e-002	3.979533e+000	-1.653013e+000	8.265063e-001	1.200000e+001	8.020467e+000
9.319440624967570e-002	3.985090e+000	-1.686770e+000	8.433850e-001	1.200000e+001	8.014910e+000
9.329206249967570e-002	3.990386e+000	-1.718940e+000	8.594700e-001	1.200000e+001	8.009614e+000
9.338971874967569e-002	3.995416e+000	-1.749492e+000	8.747461e-001	1.200000e+001	8.004584e+000
9.348737499967569e-002	4.000175e+000	-1.778398e+000	8.891989e-001	1.200000e+001	7.999825e+000
9.358503124967568e-002	4.004658e+000	-1.805630e+000	9.028148e-001	1.200000e+001	7.995342e+000
9.368268749967568e-002	4.008861e+000	-1.831162e+000	9.155810e-001	1.200000e+001	7.991139e+000
9.378034374967567e-002	4.012781e+000	-1.854971e+000	9.274855e-001	1.200000e+001	7.987219e+000
9.387799999967567e-002	4.016413e+000	-1.877034e+000	9.385172e-001	1.200000e+001	7.983587e+000
9.407331249967565e-002	4.022801e+000	-1.915842e+000	9.579208e-001	1.200000e+001	7.977199e+000
9.426862499967564e-002	4.028003e+000	-1.947438e+000	9.737192e-001	1.200000e+001	7.971997e+000
9.446393749967563e-002	4.031999e+000	-1.971705e+000	9.858527e-001	1.200000e+001	7.968001e+000
9.465924999967562e-002	4.034772e+000	-1.988551e+000	9.942756e-001	1.200000e+001	7.965228e+000
9.485456249967561e-002	4.036313e+000	-1.997913e+000	9.989564e-001	1.200000e+001	7.963687e+000
9.504987499967560e-002	4.036616e+000	-1.999755e+000	9.998773e-001	1.200000e+001	7.963384e+000
9.524518749967559e-002	4.035680e+000	-1.994070e+000	9.970348e-001	1.200000e+001	7.964320e+000
9.544049999967558e-002	4.033509e+000	-1.980880e+000	9.904398e-001	1.200000e+001	7.966491e+000
9.563581249967557e-002	4.030110e+000	-1.960234e+000	9.801169e-001	1.200000e+001	7.969890e+000
9.583112499967555e-002	4.025496e+000	-1.932210e+000	9.661052e-001	1.200000e+001	7.974504e+000
9.602643749967554e-002	4.019686e+000	-1.896914e+000	9.484572e-001	1.200000e+001	7.980314e+000
9.612409374967554e-002	4.016338e+000	-1.876580e+000	9.382898e-001	1.200000e+001	7.983662e+000
9.622174999967553e-002	4.012700e+000	-1.854479e+000	9.272394e-001	1.200000e+001	7.987300e+000
9.631940624967553e-002	4.008774e+000	-1.830633e+000	9.153163e-001	1.200000e+001	7.991226e+000
9.641706249967552e-002	4.004564e+000	-1.805063e+000	9.025317e-001	1.200000e+001	7.995436e+000
9.651471874967552e-002	4.000075e+000	-1.777795e+000	8.888977e-001	1.200000e+001	7.999925e+000
9.661237499967551e-002	3.995311e+000	-1.748854e+000	8.744271e-001	1.200000e+001	8.004689e+000
9.671003124967550e-002	3.990275e+000	-1.718267e+000	8.591335e-001	1.200000e+001	8.009725e+000
9.680768749967550e-002	3.984974e+000	-1.686063e+000	8.430314e-001	1.200000e+001	8.015026e+000
9.690534374967549e-002	3.979411e+000	-1.652272e+000	8.261358e-001	1.200000e+001	8.020589e+000
9.700299999967549e-002	3.973592e+000	-1.616925e+000	8.084627e-001	1.200000e+001	8.026408e+000
9.710065624967548e-002	3.967523e+000	-1.580057e+000	7.900286e-001	1.200000e+001	8.032477e+000
9.719831249967548e-002	3.961208e+000	-1.541702e+000	7.708511e-001	1.200000e+001	8.038792e+000
9.729596874967547e-002	3.954656e+000	-1.501896e+000	7.509480e-001	1.200000e+001	8.045344e+000
9.739362499967547e-002	3.947870e+000	-1.460676e+000	7.303382e-001	1.200000e+001	8.052130e+000
9.749128124967546e-002	3.940858e+000	-1.418082e+000	7.090409e-001	1.200000e+001	8.059142e+000
9.758893749967545e-002	3.933626e+000	-1.374153e+000	6.870764e-001	1.200000e+001	8.066374e+000
9.768659374967545e-002	3.926182e+000	-1.328930e+000	6.644652e-001	1.200000e+001	8.073818e+000
9.788190624967544e-002	3.910683e+000	-1.234777e+000	6.173886e-001	1.200000e+001	8.089317e+000
9.807721874967543e-002	3.894419e+000	-1.135977e+000	5.679883e-001	1.200000e+001	8.105581e+000
9.827253124967542e-002	3.877450e+000	-1.032900e+000	5.164502e-001	1.200000e+001	8.122550e+000
9.856549999967540e-002	3.850820e+000	-8.711221e-001	4.355611e-001	1.200000e+001	8.149180e+000
9.870500892824682e-002	3.837632e+000	-7.910071e-001	3.955036e-001	1.200000e+001	8.162368e+000
9.884451785681823e-002	3.824260e+000	-7.097693e-001	3.548847e-001	1.200000e+001	8.175741e+000
9.898402678538966e-002	3.810702e+000	-6.274088e-001	3.137044e-001	1.200000e+001	8.189298e+000
9.912353571396108e-002	3.796960e+000	-5.439255e-001	2.719628e-001	1.200000e+001	8.203040e+000
9.926304464253251e-002	3.783032e+000	-4.593195e-001	2.296597e-001	1.200000e+001	8.216967e+000
9.940255357110392e-002	3.768919e+000	-3.735907e-001	1.867953e-001	1.200000e+001	8.231080e+000
9.954206249967534e-002	3.754622e+000	-2.867391e-001	1.433696e-001	1.200000e+001	8.245377e+000
9.963971874967534e-002	3.744470e+000	-2.258884e-001	1.129442e-001	1.199993e+001	8.255461e+000
9.973737499967533e-002	3.729730e+000	-1.648250e-001	8.241250e-002	1.199758e+001	8.267854e+000
9.983503124967533e-002	3.568129e+000	-1.036065e-001	5.180326e-002	1.192173e+001	8.353605e+000
9.993268749967532e-002	2.319128e+000	-4.229054e-002	2.114527e-002	1.130133e+001	8.982206e+000
1.000000000000000e-001	0.000000e+000	4.656134e-015	-2.205602e-015	1.014337e+001	1.014337e+001
